[Geometry Data]
Range = 320
Azimuth = 58
Elevation = 74
RoiAxialSpanMm = 15.388888
AxialRoiStartMm = 2.305556
MechRadiusMm = 82.305557
ApexAngleAzimuthHalf = 30.408993
ApexAngleElevationHalf = 29.304001
AzimuthSteeringAngle = 1.890900
Probe ID = 8995
Probe Type = Linear 
PixelSpacing = 0.193059
