[Geometry Data]
Range = 239
Azimuth = 128
Elevation = 91
RoiAxialSpanMm = 69.584343
AxialRoiStartMm = 52.700005
MechRadiusMm = 22.700001
ApexAngleAzimuthHalf = 38.550968
ApexAngleElevationHalf = 54.450001
AzimuthSteeringAngle = -1.344801
Probe ID = 12899
Probe Type = Convex 
PixelSpacing = 0.000000
