[Geometry Data]
Range = 219
Azimuth = 45
Elevation = 74
RoiAxialSpanMm = 16.916666
AxialRoiStartMm = 9.041667
MechRadiusMm = 89.041664
ApexAngleAzimuthHalf = 23.770115
ApexAngleElevationHalf = 29.304001
AzimuthSteeringAngle = 1.890900
Probe ID = 8995
Probe Type = Linear 
PixelSpacing = 0.000000
